#    1    819
# O P Ag Ba total 
-10.6589   0.0   0.0   0.0   0.0   0.0
-10.4521   0.0   0.0   0.0   0.0   0.0
-10.2453   0.0   0.0   0.0   0.0   0.0
-10.0385   0.0   0.0   0.0   0.0   0.0
-9.8317   0.0   0.0   0.0   0.0   0.0
-9.6249   0.0   0.0   0.0   0.0   0.0
-9.4181   0.0   0.0   0.0   0.0   0.0
-9.2113   0.0   0.0   0.0   0.0   0.0
-9.0045   0.0   0.0   0.0   0.0   0.0
-8.7977   0.0   0.0   0.0   0.0   0.0
-8.5909   0.0   0.0   0.0   0.0   0.0
-8.3841   0.0   0.0   0.0   0.0   0.0
-8.1773   0.0   0.0   0.0   0.0   0.0
-7.9705   0.0   0.0   0.0   0.0   0.0
-7.7637   0.0   0.0   0.0   0.0   0.0001
-7.5569   0.0002   0.0001   0.0   0.0001   0.0004
-7.3501   0.0006   0.0004   0.0002   0.0002   0.0013
-7.1433   0.0018   0.0012   0.0005   0.0006   0.0039
-6.9365   0.0044   0.0029   0.0011   0.0014   0.0098
-6.7297   0.0092   0.0061   0.0024   0.0029   0.0206
-6.5229   0.0166   0.0111   0.0043   0.0053   0.0373
-6.3161   0.0263   0.0175   0.0069   0.0085   0.0592
-6.1093   0.037   0.0247   0.0098   0.0122   0.0837
-5.9025   0.0468   0.0312   0.0126   0.0156   0.1062
-5.6957   0.0535   0.0356   0.0147   0.0182   0.122
-5.4889   0.0559   0.0372   0.0157   0.0194   0.1282
-5.2821   0.0544   0.0361   0.0157   0.0192   0.1254
-5.0753   0.051   0.0338   0.0151   0.0185   0.1184
-4.8685   0.0484   0.032   0.0148   0.0182   0.1134
-4.6617   0.0488   0.0321   0.0156   0.0193   0.1158
-4.4549   0.0529   0.0347   0.0176   0.0219   0.1271
-4.2481   0.0593   0.0387   0.0203   0.0253   0.1435
-4.0413   0.0645   0.042   0.0223   0.0279   0.1567
-3.8345   0.0657   0.0427   0.0229   0.0286   0.1598
-3.6277   0.0623   0.0404   0.0218   0.0271   0.1516
-3.4209   0.056   0.0362   0.0198   0.0244   0.1364
-3.2141   0.0492   0.0317   0.018   0.0219   0.1208
-3.0073   0.0441   0.0284   0.0171   0.0204   0.11
-2.8005   0.0416   0.0267   0.0172   0.0203   0.1058
-2.5937   0.0408   0.0259   0.0178   0.0211   0.1056
-2.3869   0.0404   0.0255   0.0186   0.0221   0.1065
-2.1801   0.0399   0.0249   0.0192   0.0232   0.1072
-1.9733   0.0394   0.0243   0.0198   0.0243   0.1078
-1.7665   0.0391   0.0239   0.0203   0.0252   0.1085
-1.5597   0.0395   0.024   0.0208   0.0261   0.1104
-1.3529   0.0407   0.0246   0.0215   0.0271   0.1139
-1.1461   0.0417   0.025   0.0219   0.0277   0.1163
-0.9393   0.0404   0.0241   0.0211   0.0268   0.1124
-0.7325   0.0356   0.0213   0.0188   0.0238   0.0995
-0.5257   0.0285   0.0171   0.0153   0.0195   0.0805
-0.3189   0.0221   0.0133   0.0122   0.0156   0.0632
-0.1121   0.0191   0.0116   0.0108   0.0139   0.0555
0.0947   0.0209   0.0127   0.0119   0.0152   0.0606
0.3015   0.0266   0.016   0.0151   0.019   0.0768
0.5083   0.035   0.021   0.02   0.0246   0.1007
0.7151   0.0459   0.0275   0.0266   0.032   0.1319
0.9219   0.0603   0.0362   0.0354   0.0418   0.1737
1.1287   0.0792   0.0475   0.0471   0.0548   0.2286
1.3355   0.1013   0.0606   0.0613   0.0705   0.2937
1.5423   0.1234   0.0735   0.0763   0.0868   0.36
1.7491   0.1421   0.0844   0.0899   0.1015   0.4179
1.9559   0.1571   0.0928   0.1012   0.1134   0.4644
2.1627   0.1709   0.1002   0.1111   0.1239   0.506
2.3695   0.1869   0.1086   0.122   0.1353   0.5528
2.5763   0.2056   0.1184   0.1351   0.1488   0.6079
2.7831   0.2244   0.128   0.1498   0.1635   0.6658
2.9899   0.2415   0.1362   0.1661   0.1782   0.722
3.1967   0.2588   0.1438   0.1873   0.1944   0.7843
3.4035   0.2817   0.1541   0.2205   0.2157   0.8721
3.6103   0.315   0.1699   0.276   0.245   1.0058
3.8171   0.3586   0.1912   0.3651   0.2817   1.1967
4.0239   0.4072   0.2151   0.5008   0.3211   1.4441
4.2307   0.4516   0.2363   0.6974   0.3567   1.742
4.4375   0.483   0.2501   0.9719   0.3838   2.0888
4.6443   0.4981   0.2548   1.3362   0.403   2.4922
4.8511   0.5006   0.2527   1.7762   0.42   2.9496
5.0579   0.498   0.248   2.223   0.4392   3.4082
5.2647   0.4958   0.244   2.5516   0.4584   3.7498
5.4715   0.4952   0.2415   2.6376   0.4699   3.8443
5.6783   0.4963   0.2403   2.4429   0.4694   3.6489
5.8851   0.502   0.2414   2.0536   0.4628   3.2598
6.0919   0.5189   0.2474   1.6284   0.4645   2.8592
6.2987   0.5518   0.2609   1.3042   0.4871   2.6041
6.5055   0.6003   0.2814   1.1386   0.534   2.5542
6.7123   0.6586   0.3059   1.1178   0.6009   2.6831
6.9191   0.7203   0.3311   1.1938   0.6808   2.926
7.1259   0.7795   0.3541   1.3106   0.7661   3.2104
7.3327   0.8313   0.3735   1.4156   0.848   3.4684
7.5395   0.8758   0.3904   1.4696   0.9211   3.6569
7.7463   0.9204   0.4088   1.46   0.9876   3.7767
7.9531   0.9716   0.432   1.3998   1.0518   3.8552
8.1599   1.0231   0.4566   1.3108   1.1095   3.9
8.3667   1.0561   0.4736   1.2064   1.1469   3.883
8.5735   1.0556   0.4749   1.0936   1.1537   3.7778
8.7803   1.0251   0.4607   0.9822   1.1324   3.6004
8.9871   0.9858   0.4392   0.8839   1.0964   3.4053
9.1939   0.965   0.4233   0.8059   1.0625   3.2567
9.4007   0.9837   0.4235   0.7489   1.0465   3.2026
9.6075   1.0462   0.4432   0.7086   1.0544   3.2523
9.8143   1.1349   0.4749   0.678   1.0742   3.3619
10.0211   1.2189   0.5046   0.6492   1.0806   3.4533
10.2279   1.2738   0.5205   0.6173   1.0551   3.4667
10.4347   1.2968   0.5209   0.583   1.0026   3.4034
10.6415   1.3035   0.5128   0.5498   0.9474   3.3135
10.8483   1.3118   0.5044   0.5198   0.913   3.249
11.0551   1.3312   0.4998   0.4936   0.907   3.2316
11.2619   1.3603   0.498   0.4714   0.9198   3.2495
11.4687   1.3873   0.4943   0.4527   0.9294   3.2637
11.6755   1.3963   0.4834   0.4355   0.9118   3.2269
11.8823   1.3845   0.4656   0.4178   0.8558   3.1237
12.0891   1.3737   0.4502   0.4002   0.7739   2.998
12.2959   1.3957   0.4499   0.3844   0.6959   2.9259
12.5027   1.4623   0.4689   0.3701   0.6481   2.9494
12.7095   1.5497   0.4982   0.3539   0.6384   3.0401
12.9163   1.6199   0.5228   0.3335   0.6565   3.1326
13.1231   1.6527   0.534   0.3111   0.6875   3.1854
13.3299   1.6549   0.5336   0.2912   0.7219   3.2015
13.5367   1.6443   0.5283   0.2746   0.7542   3.2014
13.7435   1.6332   0.5237   0.2583   0.779   3.1942
13.9503   1.6246   0.5219   0.2399   0.7914   3.1779
14.1571   1.6165   0.5227   0.2215   0.7899   3.1507
14.3639   1.6032   0.5244   0.2068   0.7765   3.1109
14.5707   1.5806   0.5256   0.1974   0.7548   3.0585
14.7775   1.5555   0.5284   0.1927   0.7307   3.0074
14.9843   1.5442   0.5373   0.1919   0.7108   2.9842
15.1911   1.5566   0.5545   0.1942   0.6975   3.0028
15.3979   1.5846   0.5757   0.1974   0.6855   3.0432
15.6047   1.6065   0.5915   0.1975   0.6651   3.0606
15.8115   1.6017   0.5937   0.1903   0.629   3.0147
16.0183   1.5646   0.5795   0.1744   0.5771   2.8956
16.2251   1.5133   0.5546   0.153   0.5176   2.7384
16.4319   1.4849   0.5308   0.1323   0.4642   2.6122
16.6387   1.5145   0.5184   0.1179   0.4292   2.58
16.8455   1.6111   0.5194   0.1117   0.4157   2.6579
17.0523   1.7548   0.5284   0.1115   0.4171   2.8118
17.2591   1.9072   0.538   0.1141   0.4223   2.9816
17.4659   2.0212   0.541   0.117   0.4216   3.1009
17.6727   2.0519   0.53   0.1196   0.4091   3.1106
17.8795   1.9714   0.4986   0.1221   0.3827   2.9748
18.0863   1.7821   0.4448   0.1262   0.3447   2.6978
18.2931   1.5291   0.3764   0.1367   0.3022   2.3444
18.4999   1.3009   0.3138   0.1626   0.2689   2.0461
18.7067   1.1903   0.2818   0.2117   0.259   1.9428
18.9135   1.2256   0.2916   0.2795   0.2767   2.0733
19.1203   1.3396   0.3296   0.3459   0.3085   2.3236
19.3271   1.4189   0.3663   0.3851   0.3313   2.5016
19.5339   1.3832   0.3764   0.3815   0.327   2.4681
19.7407   1.226   0.352   0.3377   0.2928   2.2086
19.9475   1.0001   0.3021   0.2702   0.2406   1.813
20.1543   0.7765   0.2438   0.1991   0.1871   1.4065
20.3611   0.6098   0.1914   0.1394   0.1441   1.0847
20.5679   0.527   0.1523   0.0973   0.1146   0.8912
20.7747   0.5378   0.1273   0.0718   0.0969   0.8339
20.9815   0.6456   0.1154   0.0591   0.089   0.9091
21.1883   0.8459   0.1149   0.0546   0.09   1.1053
21.3951   1.1211   0.124   0.0541   0.0987   1.3979
21.6019   1.4448   0.1402   0.0552   0.1125   1.7527
21.8087   1.7837   0.16   0.0564   0.1276   2.1276
22.0155   2.0821   0.1772   0.0566   0.1392   2.4551
22.2223   2.2528   0.184   0.0548   0.1422   2.6338
22.4291   2.2173   0.1754   0.0503   0.1334   2.5764
22.6359   1.9799   0.1547   0.0445   0.1155   2.2945
22.8427   1.6636   0.1326   0.0407   0.0969   1.9338
23.0495   1.4495   0.1215   0.0417   0.087   1.6997
23.2563   1.46   0.1271   0.0485   0.0906   1.7262
23.4631   1.6881   0.1461   0.0594   0.1049   1.9985
23.6699   2.0164   0.1689   0.0712   0.1211   2.3777
23.8767   2.2824   0.1844   0.0798   0.1299   2.6764
24.0835   2.3381   0.1835   0.0807   0.125   2.7273
24.2903   2.1051   0.1617   0.0716   0.1058   2.4442
24.4971   1.6246   0.123   0.0542   0.0773   1.8792
24.7039   1.0518   0.0789   0.0341   0.0479   1.2128
24.9107   0.5616   0.0419   0.0176   0.0246   0.6457
25.1175   0.2442   0.0181   0.0074   0.0104   0.2801
25.3243   0.0857   0.0064   0.0025   0.0035   0.0981
25.5311   0.0241   0.0018   0.0007   0.001   0.0276
25.7379   0.0054   0.0004   0.0001   0.0002   0.0062
25.9447   0.001   0.0001   0.0   0.0   0.0011
26.1515   0.0001   0.0   0.0   0.0   0.0002
26.3583   0.0   0.0   0.0   0.0   0.0
26.5651   0.0   0.0   0.0   0.0   0.0
26.7719   0.0   0.0   0.0   0.0   0.0
26.9787   0.0   0.0   0.0   0.0   0.0
27.1855   0.0   0.0   0.0   0.0   0.0
27.3923   0.0   0.0   0.0   0.0   0.0
27.5991   0.0   0.0   0.0   0.0   0.0
27.8059   0.0   0.0   0.0   0.0   0.0
28.0127   0.0   0.0   0.0   0.0   0.0
28.2195   0.0   0.0   0.0   0.0   0.0
28.4263   0.0   0.0   0.0   0.0   0.0
28.6331   0.0   0.0   0.0   0.0   0.0
28.8399   0.0   0.0   0.0   0.0   0.0
29.0467   0.0   0.0   0.0   0.0   0.0
29.2535   0.0   0.0   0.0   0.0   0.0
29.4603   0.0   0.0   0.0   0.0   0.0
29.6671   0.0   0.0   0.0   0.0   0.0
29.8739   0.0   0.0   0.0   0.0   0.0
30.0807   0.0   0.0   0.0   0.0   0.0
30.2875   0.0   0.0   0.0   0.0   0.0
30.4943   0.0   0.0   0.0   0.0   0.0
30.7011   0.0   0.0   0.0   0.0   0.0
30.9079   0.0   0.0   0.0   0.0   0.0
31.1147   0.0   0.0   0.0   0.0   0.0
31.3215   0.0   0.0   0.0   0.0   0.0
31.5283   0.0   0.0   0.0   0.0   0.0
31.7351   0.0002   0.0   0.0   0.0   0.0002
31.9419   0.0014   0.0   0.0   0.0   0.0014
32.1487   0.0076   0.0003   0.0   0.0   0.0079
32.3555   0.0333   0.0011   0.0001   0.0002   0.0347
32.5623   0.116   0.0039   0.0003   0.0005   0.1208
32.7691   0.3199   0.0108   0.0009   0.0014   0.3331
32.9759   0.7033   0.024   0.002   0.0031   0.7325
33.1827   1.2435   0.0433   0.0036   0.0055   1.2958
33.3895   1.796   0.0654   0.0052   0.0077   1.8742
33.5963   2.1767   0.0862   0.0063   0.0089   2.278
33.8031   2.3069   0.1045   0.0065   0.0089   2.4267
34.0099   2.2491   0.1211   0.006   0.0081   2.3844
34.2167   2.1079   0.1356   0.0053   0.0074   2.2561
34.4235   1.957   0.1474   0.0046   0.007   2.1159
34.6303   1.8666   0.1615   0.0041   0.0071   2.0393
34.8371   1.9167   0.1869   0.004   0.0079   2.1154
35.0439   2.1253   0.2261   0.0043   0.0092   2.3648
35.2507   2.4015   0.2687   0.0048   0.0106   2.6856
35.4575   2.6146   0.3004   0.0052   0.0113   2.9314
35.6643   2.6942   0.3158   0.0055   0.0111   3.0266
35.8711   2.6563   0.3218   0.0058   0.0103   2.9941
36.0779   2.5768   0.3312   0.0061   0.0094   2.9235
36.2847   2.5518   0.355   0.0065   0.009   2.9223
36.4915   2.6272   0.3932   0.0071   0.009   3.0365
36.6983   2.7522   0.4316   0.0074   0.0091   3.2002
36.9051   2.8282   0.4516   0.0072   0.0089   3.2959
37.1119   2.8141   0.4447   0.0065   0.0082   3.2736
37.3187   2.7818   0.4203   0.0057   0.0074   3.2151
37.5255   2.8682   0.3992   0.0052   0.007   3.2795
37.7323   3.1253   0.3951   0.0052   0.0072   3.5328
37.9391   3.3833   0.396   0.0055   0.0078   3.7925
38.1459   3.3275   0.3705   0.0055   0.0077   3.7112
38.3527   2.7858   0.3005   0.0047   0.0066   3.0976
38.5595   1.9173   0.2022   0.0033   0.0046   2.1273
38.7663   1.0716   0.1107   0.0019   0.0026   1.1867
38.9731   0.5043   0.05   0.001   0.0012   0.5565
39.1799   0.2648   0.0225   0.0007   0.0006   0.2886
39.3867   0.291   0.0192   0.0012   0.0006   0.312
39.5935   0.5232   0.0322   0.0025   0.0011   0.559
39.8003   0.9253   0.0576   0.0046   0.0018   0.9893
40.0071   1.4461   0.0914   0.0071   0.0028   1.5475
40.2139   1.994   0.1274   0.0095   0.0037   2.1346
40.4207   2.4459   0.1569   0.0111   0.0043   2.6181
40.6275   2.6724   0.171   0.0114   0.0044   2.8592
40.8343   2.5733   0.1638   0.0104   0.0042   2.7517
41.0411   2.1437   0.1364   0.0082   0.0034   2.2918
41.2479   1.5261   0.0993   0.0056   0.0025   1.6336
41.4547   0.9639   0.0708   0.0034   0.0016   1.0398
41.6615   0.6714   0.0693   0.0023   0.0013   0.7443
41.8683   0.7384   0.1052   0.0026   0.0015   0.8478
42.0751   1.1176   0.1757   0.0042   0.0024   1.2998
42.2819   1.6571   0.2623   0.0066   0.0035   1.9294
42.4887   2.1536   0.3371   0.0089   0.0046   2.5043
42.6955   2.429   0.3759   0.0106   0.0053   2.8208
42.9023   2.3994   0.3687   0.0109   0.0053   2.7843
43.1091   2.0925   0.321   0.01   0.0048   2.4282
43.3159   1.6145   0.2486   0.008   0.0038   1.8748
43.5227   1.0991   0.1707   0.0056   0.0027   1.2781
43.7295   0.6684   0.106   0.0035   0.0017   0.7795
43.9363   0.4135   0.0702   0.0019   0.0012   0.4868
44.1431   0.3951   0.0763   0.0012   0.0013   0.474
44.3499   0.6436   0.1327   0.0014   0.0023   0.78
44.5567   1.1308   0.2362   0.0023   0.0042   1.3735
44.7635   1.7339   0.364   0.0037   0.0063   2.1078
44.9703   2.2592   0.4782   0.005   0.008   2.7503
45.1771   2.5432   0.5461   0.006   0.0087   3.1039
45.3839   2.5457   0.5591   0.0065   0.0085   3.1197
45.5907   2.368   0.5383   0.0069   0.0079   2.9211
45.7975   2.1931   0.5232   0.0075   0.0077   2.7316
46.0043   2.162   0.5426   0.0087   0.0083   2.7216
46.2111   2.2627   0.5882   0.0099   0.0091   2.87
46.4179   2.3513   0.6209   0.0104   0.0096   2.9922
46.6247   2.2875   0.6055   0.0099   0.0092   2.9121
46.8315   2.0309   0.535   0.0084   0.0079   2.5822
47.0383   1.6298   0.4256   0.0065   0.0062   2.068
47.2451   1.1689   0.3021   0.0045   0.0044   1.4799
47.4519   0.7357   0.1883   0.0028   0.0027   0.9296
47.6587   0.3975   0.1009   0.0015   0.0015   0.5014
47.8655   0.1805   0.0456   0.0007   0.0007   0.2274
48.0723   0.0677   0.017   0.0002   0.0003   0.0852
48.2791   0.0207   0.0052   0.0001   0.0001   0.026
48.4859   0.0051   0.0013   0.0   0.0   0.0064
48.6927   0.001   0.0003   0.0   0.0   0.0013
48.8995   0.0002   0.0   0.0   0.0   0.0002
49.1063   0.0   0.0   0.0   0.0   0.0
49.3131   0.0   0.0   0.0   0.0   0.0
49.5199   0.0   0.0   0.0   0.0   0.0
49.7267   0.0   0.0   0.0   0.0   0.0
49.9335   0.0   0.0   0.0   0.0   0.0
50.1403   0.0   0.0   0.0   0.0   0.0
50.3471   0.0   0.0   0.0   0.0   0.0
50.5539   0.0   0.0   0.0   0.0   0.0
50.7607   0.0   0.0   0.0   0.0   0.0
50.9675   0.0   0.0   0.0   0.0   0.0
51.1743   0.0   0.0   0.0   0.0   0.0
51.3811   0.0   0.0   0.0   0.0   0.0
51.5879   0.0   0.0   0.0   0.0   0.0
51.7947   0.0   0.0   0.0   0.0   0.0
52.0015   0.0   0.0   0.0   0.0   0.0001
52.2083   0.0002   0.0002   0.0   0.0   0.0004
52.4151   0.0012   0.0013   0.0   0.0   0.0026
52.6219   0.0058   0.0062   0.0   0.0   0.0121
52.8287   0.0223   0.0238   0.0   0.0   0.0462
53.0355   0.0703   0.075   0.0001   0.0   0.1455
53.2423   0.1835   0.1956   0.0003   0.0001   0.3795
53.4491   0.3989   0.4247   0.0007   0.0002   0.8245
53.6559   0.7263   0.7722   0.0012   0.0004   1.5
53.8627   1.1112   1.1798   0.0018   0.0006   2.2933
54.0695   1.4315   1.5177   0.0023   0.0007   2.9522
54.2763   1.5542   1.6454   0.0024   0.0007   3.2028
54.4831   1.422   1.5033   0.0022   0.0007   2.9282
54.6899   1.0954   1.1564   0.0017   0.0006   2.254
54.8967   0.7093   0.7479   0.0011   0.0004   1.4586
55.1035   0.3852   0.4057   0.0006   0.0002   0.7917
55.3103   0.1749   0.184   0.0003   0.0001   0.3592
55.5171   0.0661   0.0694   0.0001   0.0   0.1356
55.7239   0.0206   0.0217   0.0   0.0   0.0423
55.9307   0.0053   0.0056   0.0   0.0   0.0109
56.1375   0.0011   0.0012   0.0   0.0   0.0023
56.3443   0.0004   0.0003   0.0   0.0   0.0007
56.5511   0.0017   0.0007   0.0   0.0   0.0024
56.7579   0.0087   0.0036   0.0   0.0   0.0123
56.9647   0.0372   0.015   0.0   0.0   0.0523
57.1715   0.1287   0.05   0.0001   0.0001   0.1789
57.3783   0.3611   0.1344   0.0004   0.0004   0.4963
57.5851   0.8274   0.2948   0.0009   0.0008   1.1239
57.7919   1.5591   0.5321   0.0015   0.0016   2.0943
57.9987   2.4378   0.8002   0.0022   0.0025   3.2427
58.2055   3.1994   1.0192   0.0028   0.0033   4.2246
58.4123   3.5764   1.1231   0.0029   0.0038   4.7062
58.6191   3.4702   1.1002   0.0028   0.0038   4.5771
58.8259   3.0006   0.9914   0.0024   0.0035   3.998
59.0327   2.4082   0.8592   0.0021   0.0031   3.2726
59.2395   1.9098   0.7534   0.0018   0.0027   2.6676
59.4463   1.607   0.6938   0.0017   0.0024   2.305
59.6531   1.4977   0.6771   0.0016   0.0024   2.1787
59.8599   1.5467   0.6967   0.0017   0.0025   2.2476
60.0667   1.7271   0.75   0.0018   0.003   2.4818
60.2735   1.9968   0.8229   0.002   0.0036   2.8253
60.4803   2.2743   0.883   0.0022   0.0043   3.1638
60.6871   2.4663   0.8962   0.0023   0.0048   3.3695
60.8939   2.5274   0.8522   0.0022   0.0048   3.3866
61.1007   2.5012   0.7755   0.002   0.0045   3.2833
61.3075   2.4947   0.7106   0.0019   0.0043   3.2115
61.5143   2.5733   0.6889   0.0021   0.0044   3.2687
61.7211   2.6743   0.6994   0.0023   0.0048   3.3808
61.9279   2.6468   0.6961   0.0026   0.0051   3.3506
62.1347   2.3911   0.6373   0.0025   0.005   3.036
62.3415   1.9706   0.5223   0.0022   0.0043   2.4994
62.5483   1.6093   0.3974   0.0017   0.0033   2.0117
62.7551   1.5598   0.3236   0.0014   0.0026   1.8873
62.9619   1.9099   0.3298   0.0014   0.0025   2.2436
63.1687   2.4758   0.3897   0.0017   0.003   2.8702
63.3755   2.8945   0.4421   0.002   0.0035   3.3421
63.5823   2.8684   0.4351   0.002   0.0036   3.309
63.7891   2.3665   0.3596   0.0017   0.0032   2.731
63.9959   1.6163   0.2474   0.0012   0.0023   1.8672
64.2027   0.9112   0.1411   0.0007   0.0014   1.0544
64.4095   0.4231   0.0665   0.0004   0.0007   0.4907
64.6163   0.1616   0.0259   0.0002   0.0003   0.1879
64.8231   0.0507   0.0083   0.0001   0.0001   0.0592
65.0299   0.0131   0.0022   0.0   0.0   0.0153
65.2367   0.0028   0.0005   0.0   0.0   0.0032
65.4435   0.0005   0.0001   0.0   0.0   0.0006
65.6503   0.0001   0.0   0.0   0.0   0.0001
65.8571   0.0   0.0   0.0   0.0   0.0
66.0639   0.0   0.0   0.0   0.0   0.0
66.2707   0.0   0.0   0.0   0.0   0.0
66.4775   0.0   0.0   0.0   0.0   0.0
66.6843   0.0   0.0   0.0   0.0   0.0
66.8911   0.0   0.0   0.0   0.0   0.0
67.0979   0.0   0.0   0.0   0.0   0.0
67.3047   0.0   0.0   0.0   0.0   0.0
67.5115   0.0   0.0   0.0   0.0   0.0
67.7183   0.0   0.0   0.0   0.0   0.0
67.9251   0.0   0.0   0.0   0.0   0.0
68.1319   0.0   0.0   0.0   0.0   0.0
68.3387   0.0   0.0   0.0   0.0   0.0
68.5455   0.0   0.0   0.0   0.0   0.0
68.7523   0.0   0.0   0.0   0.0   0.0
68.9591   0.0   0.0   0.0   0.0   0.0
69.1659   0.0   0.0   0.0   0.0   0.0
69.3727   0.0   0.0   0.0   0.0   0.0
69.5795   0.0   0.0   0.0   0.0   0.0
69.7863   0.0   0.0   0.0   0.0   0.0
69.9931   0.0   0.0   0.0   0.0   0.0
70.1999   0.0   0.0   0.0   0.0   0.0
70.4067   0.0   0.0   0.0   0.0   0.0
70.6135   0.0   0.0   0.0   0.0   0.0
70.8203   0.0   0.0   0.0   0.0   0.0
71.0271   0.0   0.0   0.0   0.0   0.0
71.2339   0.0   0.0   0.0   0.0   0.0
71.4407   0.0   0.0   0.0   0.0   0.0
71.6475   0.0   0.0   0.0   0.0   0.0
71.8543   0.0   0.0   0.0   0.0   0.0
72.0611   0.0   0.0   0.0   0.0   0.0
72.2679   0.0   0.0   0.0   0.0   0.0
72.4747   0.0   0.0   0.0   0.0   0.0
72.6815   0.0   0.0   0.0   0.0   0.0
72.8883   0.0001   0.0001   0.0   0.0   0.0002
73.0951   0.0011   0.0005   0.0   0.0   0.0016
73.3019   0.0065   0.0029   0.0   0.0   0.0094
73.5087   0.0307   0.0137   0.0   0.0   0.0444
73.7155   0.1143   0.0511   0.0   0.0001   0.1655
73.9223   0.3366   0.1507   0.0001   0.0002   0.4876
74.1291   0.7856   0.352   0.0002   0.0004   1.1382
74.3359   1.4555   0.6529   0.0003   0.0007   2.1095
74.5427   2.1454   0.9634   0.0005   0.0011   3.1103
74.7495   2.5198   1.1328   0.0006   0.0013   3.6545
74.9563   2.3609   1.0626   0.0005   0.0012   3.4251
75.1631   1.765   0.7953   0.0004   0.0009   2.5616
75.3699   1.0525   0.4747   0.0002   0.0005   1.5279
75.5767   0.5   0.2257   0.0001   0.0002   0.7261
75.7835   0.1889   0.0854   0.0   0.0001   0.2744
75.9903   0.0566   0.0256   0.0   0.0   0.0823
76.1971   0.0135   0.0061   0.0   0.0   0.0196
76.4039   0.0025   0.0011   0.0   0.0   0.0037
76.6107   0.0004   0.0002   0.0   0.0   0.0005
76.8175   0.0   0.0   0.0   0.0   0.0001
77.0243   0.0   0.0   0.0   0.0   0.0
77.2311   0.0   0.0   0.0   0.0   0.0
77.4379   0.0   0.0   0.0   0.0   0.0
77.6447   0.0   0.0   0.0   0.0   0.0
77.8515   0.0   0.0   0.0   0.0   0.0
78.0583   0.0003   0.0001   0.0   0.0   0.0003
78.2651   0.0017   0.0005   0.0   0.0   0.0023
78.4719   0.009   0.0028   0.0   0.0   0.0119
78.6787   0.0372   0.0116   0.0   0.0   0.0488
78.8855   0.1219   0.0379   0.0   0.0001   0.1599
79.0923   0.3189   0.0994   0.0001   0.0002   0.4186
79.2991   0.6727   0.2102   0.0002   0.0004   0.8834
79.5059   1.1571   0.3627   0.0003   0.0007   1.5208
79.7127   1.6528   0.5207   0.0004   0.0009   2.1748
79.9195   2.0077   0.6369   0.0005   0.0012   2.6463
80.1263   2.1295   0.6814   0.0006   0.0012   2.8127
80.3331   2.0117   0.6495   0.0005   0.0012   2.6629
80.5399   1.6988   0.5527   0.0004   0.001   2.253
80.7467   1.2655   0.4141   0.0003   0.0007   1.6806
80.9535   0.8134   0.2671   0.0002   0.0005   1.0812
81.1603   0.4413   0.1452   0.0001   0.0003   0.5868
81.3671   0.1984   0.0653   0.0001   0.0001   0.2639
81.5739   0.0729   0.024   0.0   0.0   0.097
81.7807   0.0217   0.0071   0.0   0.0   0.0288
81.9875   0.0052   0.0017   0.0   0.0   0.0069
82.1943   0.001   0.0003   0.0   0.0   0.0013
82.4011   0.0001   0.0   0.0   0.0   0.0002
82.6079   0.0   0.0   0.0   0.0   0.0
82.8147   0.0   0.0   0.0   0.0   0.0
83.0215   0.0   0.0   0.0   0.0   0.0
83.2283   0.0   0.0   0.0   0.0   0.0
83.4351   0.0   0.0   0.0   0.0   0.0
83.6419   0.0   0.0   0.0   0.0   0.0
83.8487   0.0   0.0   0.0   0.0   0.0
84.0555   0.0   0.0   0.0   0.0   0.0
84.2623   0.0   0.0   0.0   0.0   0.0
84.4691   0.0   0.0   0.0   0.0   0.0
84.6759   0.0   0.0   0.0   0.0   0.0
84.8827   0.0   0.0   0.0   0.0   0.0
85.0895   0.0   0.0   0.0   0.0   0.0
85.2963   0.0   0.0   0.0   0.0   0.0
85.5031   0.0   0.0   0.0   0.0   0.0
85.7099   0.0   0.0   0.0   0.0   0.0
85.9167   0.0   0.0   0.0   0.0   0.0
86.1235   0.0   0.0   0.0   0.0   0.0
86.3303   0.0   0.0   0.0   0.0   0.0
86.5371   0.0   0.0   0.0   0.0   0.0
86.7439   0.0   0.0   0.0   0.0   0.0
86.9507   0.0   0.0   0.0   0.0   0.0
87.1575   0.0   0.0   0.0   0.0   0.0
87.3643   0.0   0.0   0.0   0.0   0.0
87.5711   0.0   0.0   0.0   0.0   0.0001
87.7779   0.0002   0.0002   0.0   0.0   0.0004
87.9847   0.0011   0.0013   0.0   0.0   0.0024
88.1915   0.0047   0.0055   0.0   0.0   0.0102
88.3983   0.0165   0.0194   0.0   0.0   0.0359
88.6051   0.0472   0.0553   0.0   0.0   0.1025
88.8119   0.1114   0.1301   0.0   0.0   0.2414
89.0187   0.2201   0.2564   0.0   0.0   0.4766
89.2255   0.3723   0.4326   0.0   0.0001   0.8051
89.4323   0.5541   0.6415   0.0001   0.0001   1.1958
89.6391   0.7473   0.8619   0.0001   0.0001   1.6094
89.8459   0.9358   1.075   0.0001   0.0002   2.011
90.0527   1.0944   1.2532   0.0001   0.0002   2.348
90.2595   1.1777   1.3454   0.0001   0.0002   2.5235
90.4663   1.1361   1.2962   0.0001   0.0002   2.4326
90.6731   0.9608   1.0955   0.0001   0.0002   2.0566
90.8799   0.7056   0.8042   0.0001   0.0001   1.51
91.0867   0.4542   0.5173   0.0   0.0001   0.9716
91.2935   0.2705   0.3069   0.0   0.0001   0.5775
91.5003   0.1849   0.2063   0.0   0.0   0.3913
91.7071   0.2158   0.2344   0.0   0.0001   0.4503
91.9139   0.3815   0.4107   0.0   0.0001   0.7923
92.1207   0.6766   0.7307   0.0001   0.0002   1.4076
92.3275   1.036   1.1253   0.0001   0.0003   2.1617
92.5343   1.3372   1.4603   0.0001   0.0004   2.798
92.7411   1.4626   1.6037   0.0001   0.0004   3.0668
92.9479   1.371   1.5062   0.0001   0.0004   2.8777
93.1547   1.1124   1.2215   0.0001   0.0003   2.3343
93.3615   0.7839   0.8587   0.0001   0.0002   1.6429
93.5683   0.4773   0.5208   0.0   0.0001   0.9982
93.7751   0.2478   0.2693   0.0   0.0   0.5171
93.9819   0.1079   0.1169   0.0   0.0   0.2248
94.1887   0.0388   0.0419   0.0   0.0   0.0808
94.3955   0.0114   0.0123   0.0   0.0   0.0237
94.6023   0.0027   0.0029   0.0   0.0   0.0056
94.8091   0.0005   0.0006   0.0   0.0   0.0011
95.0159   0.0001   0.0001   0.0   0.0   0.0002
95.2227   0.0   0.0   0.0   0.0   0.0
95.4295   0.0   0.0   0.0   0.0   0.0
95.6363   0.0   0.0   0.0   0.0   0.0
95.8431   0.0   0.0   0.0   0.0   0.0
96.0499   0.0   0.0   0.0   0.0   0.0
96.2567   0.0   0.0   0.0   0.0   0.0
96.4635   0.0   0.0   0.0   0.0   0.0
96.6703   0.0   0.0   0.0   0.0   0.0
96.8771   0.0   0.0   0.0   0.0   0.0
97.0839   0.0   0.0   0.0   0.0   0.0
97.2907   0.0   0.0   0.0   0.0   0.0
97.4975   0.0   0.0   0.0   0.0   0.0
97.7043   0.0   0.0   0.0   0.0   0.0
97.9111   0.0   0.0   0.0   0.0   0.0
98.1179   0.0   0.0   0.0   0.0   0.0
98.3247   0.0   0.0   0.0   0.0   0.0
98.5315   0.0   0.0   0.0   0.0   0.0
98.7383   0.0   0.0   0.0   0.0   0.0
98.9451   0.0   0.0   0.0   0.0   0.0
99.1519   0.0   0.0   0.0   0.0   0.0
99.3587   0.0   0.0   0.0   0.0   0.0
99.5655   0.0   0.0   0.0   0.0   0.0
99.7723   0.0   0.0   0.0   0.0   0.0
99.9791   0.0   0.0   0.0   0.0   0.0
100.1859   0.0   0.0   0.0   0.0   0.0
100.3927   0.0   0.0   0.0   0.0   0.0
100.5995   0.0   0.0   0.0   0.0   0.0
100.8063   0.0   0.0   0.0   0.0   0.0
101.0131   0.0002   0.0   0.0   0.0   0.0002
101.2199   0.0011   0.0002   0.0   0.0   0.0013
101.4267   0.0066   0.0011   0.0   0.0   0.0078
101.6335   0.0306   0.0052   0.0   0.0   0.0358
101.8403   0.111   0.0189   0.0   0.0   0.1299
102.0471   0.3195   0.0545   0.0   0.0   0.3741
102.2539   0.7345   0.1255   0.0   0.0   0.86
102.4607   1.3621   0.2329   0.0   0.0   1.595
102.6675   2.0654   0.3537   0.0   0.0   2.4192
102.8743   2.6009   0.4465   0.0   0.0   3.0475
103.0811   2.7568   0.4746   0.0   0.0   3.2315
103.2879   2.4747   0.4273   0.0   0.0   2.9021
103.4947   1.8736   0.3244   0.0   0.0   2.1981
103.7015   1.1818   0.2051   0.0   0.0   1.387
103.9083   0.6116   0.1063   0.0   0.0   0.718
104.1151   0.2561   0.0446   0.0   0.0   0.3007
104.3219   0.0858   0.0149   0.0   0.0   0.1008
104.5287   0.0228   0.004   0.0   0.0   0.0268
104.7355   0.0048   0.0008   0.0   0.0   0.0056
104.9423   0.0008   0.0001   0.0   0.0   0.0009
105.1491   0.0001   0.0   0.0   0.0   0.0001
105.3559   0.0   0.0   0.0   0.0   0.0
105.5627   0.0   0.0   0.0   0.0   0.0
105.7695   0.0   0.0   0.0   0.0   0.0
105.9763   0.0   0.0   0.0   0.0   0.0
106.1831   0.0   0.0   0.0   0.0   0.0
106.3899   0.0   0.0   0.0   0.0   0.0
106.5967   0.0   0.0   0.0   0.0   0.0
106.8035   0.0   0.0   0.0   0.0   0.0
107.0103   0.0   0.0   0.0   0.0   0.0
107.2171   0.0   0.0   0.0   0.0   0.0
107.4239   0.0   0.0   0.0   0.0   0.0
107.6307   0.0   0.0   0.0   0.0   0.0
107.8375   0.0   0.0   0.0   0.0   0.0
108.0443   0.0   0.0   0.0   0.0   0.0
108.2511   0.0   0.0   0.0   0.0   0.0
108.4579   0.0   0.0   0.0   0.0   0.0
108.6647   0.0   0.0   0.0   0.0   0.0
108.8715   0.0   0.0   0.0   0.0   0.0
109.0783   0.0   0.0   0.0   0.0   0.0
109.2851   0.0   0.0   0.0   0.0   0.0
109.4919   0.0   0.0   0.0   0.0   0.0
109.6987   0.0   0.0   0.0   0.0   0.0
109.9055   0.0   0.0   0.0   0.0   0.0
110.1123   0.0   0.0   0.0   0.0   0.0
110.3191   0.0   0.0   0.0   0.0   0.0
110.5259   0.0   0.0   0.0   0.0   0.0
110.7327   0.0   0.0   0.0   0.0   0.0
110.9395   0.0   0.0   0.0   0.0   0.0
111.1463   0.0   0.0   0.0   0.0   0.0
111.3531   0.0   0.0   0.0   0.0   0.0
111.5599   0.0   0.0   0.0   0.0   0.0
111.7667   0.0   0.0   0.0   0.0   0.0
111.9735   0.0   0.0   0.0   0.0   0.0
112.1803   0.0   0.0   0.0   0.0   0.0
112.3871   0.0   0.0   0.0   0.0   0.0
112.5939   0.0   0.0   0.0   0.0   0.0
112.8007   0.0   0.0   0.0   0.0   0.0
113.0075   0.0   0.0   0.0   0.0   0.0
113.2143   0.0   0.0   0.0   0.0   0.0
113.4211   0.0003   0.0001   0.0   0.0   0.0003
113.6279   0.0016   0.0003   0.0   0.0   0.0019
113.8347   0.0077   0.0014   0.0   0.0   0.0091
114.0415   0.0288   0.0053   0.0   0.0   0.0341
114.2483   0.0874   0.0161   0.0   0.0   0.1036
114.4551   0.2161   0.0397   0.0   0.0001   0.2559
114.6619   0.4395   0.0807   0.0   0.0001   0.5204
114.8687   0.7442   0.1366   0.0001   0.0002   0.8811
115.0755   1.0607   0.1946   0.0001   0.0003   1.2557
115.2823   1.2858   0.2361   0.0001   0.0004   1.5224
115.4891   1.3418   0.2473   0.0001   0.0004   1.5897
115.6959   1.2327   0.2291   0.0001   0.0004   1.4624
115.9027   1.0474   0.198   0.0001   0.0004   1.2459
116.1095   0.9036   0.1757   0.0001   0.0003   1.0797
116.3163   0.877   0.176   0.0001   0.0003   1.0535
116.5231   0.9711   0.1991   0.0001   0.0003   1.1708
116.7299   1.1388   0.2358   0.0002   0.0004   1.3752
116.9367   1.3248   0.2754   0.0002   0.0005   1.6009
117.1435   1.4898   0.3106   0.0003   0.0005   1.8012
117.3503   1.6067   0.3365   0.0003   0.0006   1.9441
117.5571   1.6495   0.3476   0.0003   0.0006   1.998
117.7639   1.5968   0.3384   0.0003   0.0006   1.9361
117.9707   1.4508   0.3086   0.0003   0.0005   1.7602
118.1775   1.2491   0.266   0.0003   0.0005   1.5158
118.3843   1.0487   0.2238   0.0002   0.0004   1.2731
118.5911   0.8923   0.1922   0.0002   0.0003   1.0851
118.7979   0.7877   0.173   0.0002   0.0003   0.9612
119.0047   0.716   0.1614   0.0002   0.0003   0.8779
119.2115   0.6561   0.1518   0.0002   0.0003   0.8084
119.4183   0.5983   0.1413   0.0001   0.0002   0.74
119.6251   0.5425   0.1295   0.0001   0.0002   0.6723
119.8319   0.4923   0.1173   0.0001   0.0002   0.6099
120.0387   0.4523   0.1064   0.0001   0.0002   0.559
120.2455   0.4251   0.0982   0.0001   0.0002   0.5237
120.4523   0.4081   0.0927   0.0001   0.0002   0.5011
120.6591   0.3937   0.0883   0.0001   0.0002   0.4822
120.8659   0.3744   0.0832   0.0001   0.0002   0.458
121.0727   0.3471   0.0767   0.0001   0.0002   0.424
121.2795   0.3127   0.0686   0.0001   0.0002   0.3815
121.4863   0.2761   0.0601   0.0   0.0001   0.3364
121.6931   0.2435   0.0526   0.0   0.0001   0.2963
121.8999   0.2185   0.0468   0.0   0.0001   0.2655
122.1067   0.1992   0.0424   0.0   0.0001   0.2417
122.3135   0.1809   0.0381   0.0   0.0001   0.2191
122.5203   0.1609   0.0336   0.0   0.0001   0.1946
122.7271   0.1398   0.0288   0.0   0.0001   0.1686
122.9339   0.1187   0.0241   0.0   0.0001   0.1429
123.1407   0.0976   0.0196   0.0   0.0001   0.1172
123.3475   0.0755   0.015   0.0   0.0   0.0905
123.5543   0.053   0.0104   0.0   0.0   0.0634
123.7611   0.0326   0.0064   0.0   0.0   0.039
123.9679   0.0172   0.0033   0.0   0.0   0.0205
124.1747   0.0076   0.0015   0.0   0.0   0.0091
124.3815   0.0028   0.0005   0.0   0.0   0.0033
124.5883   0.0008   0.0002   0.0   0.0   0.001
124.7951   0.0002   0.0   0.0   0.0   0.0002
125.0019   0.0   0.0   0.0   0.0   0.0
125.2087   0.0   0.0   0.0   0.0   0.0
125.4155   0.0   0.0   0.0   0.0   0.0
125.6223   0.0   0.0   0.0   0.0   0.0
125.8291   0.0   0.0   0.0   0.0   0.0
126.0359   0.0   0.0   0.0   0.0   0.0
126.2427   0.0002   0.0001   0.0   0.0   0.0003
126.4495   0.0013   0.0004   0.0   0.0   0.0017
126.6563   0.0071   0.0023   0.0   0.0   0.0094
126.8631   0.0308   0.0098   0.0   0.0   0.0407
127.0699   0.1065   0.034   0.0   0.0   0.1405
127.2767   0.2952   0.0942   0.0   0.0   0.3893
127.4835   0.66   0.2109   0.0   0.0   0.8709
127.6903   1.201   0.385   0.0   0.0   1.586
127.8971   1.7995   0.58   0.0   0.0001   2.3796
128.1039   2.259   0.7343   0.0   0.0001   2.9934
128.3107   2.4395   0.8024   0.0   0.0001   3.242
128.5175   2.3631   0.7889   0.0   0.0001   3.1521
128.7243   2.1809   0.7398   0.0   0.0001   2.9209
128.9311   2.0356   0.7006   0.0   0.0001   2.7363
129.1379   1.9554   0.681   0.0   0.0001   2.6366
129.3447   1.871   0.659   0.0   0.0001   2.5302
129.5515   1.7151   0.6128   0.0   0.0001   2.328
129.7583   1.4921   0.5436   0.0   0.0001   2.0358
129.9651   1.261   0.4715   0.0   0.0001   1.7326
130.1719   1.074   0.4137   0.0   0.0001   1.4878
130.3787   0.9364   0.3712   0.0   0.0001   1.3077
130.5855   0.8161   0.3314   0.0   0.0001   1.1476
130.7923   0.6814   0.2822   0.0   0.0001   0.9637
130.9991   0.5283   0.2226   0.0   0.0001   0.751
131.2059   0.3761   0.161   0.0   0.0   0.5371
131.4127   0.2455   0.1068   0.0   0.0   0.3523
131.6195   0.1465   0.0646   0.0   0.0   0.2111
131.8263   0.0788   0.0351   0.0   0.0   0.1138
132.0331   0.0372   0.0167   0.0   0.0   0.054
132.2399   0.0151   0.0068   0.0   0.0   0.0219
132.4467   0.0052   0.0023   0.0   0.0   0.0075
132.6535   0.0015   0.0007   0.0   0.0   0.0021
132.8603   0.0003   0.0002   0.0   0.0   0.0005
133.0671   0.0001   0.0   0.0   0.0   0.0001
133.2739   0.0   0.0   0.0   0.0   0.0
133.4807   0.0   0.0   0.0   0.0   0.0
133.6875   0.0   0.0   0.0   0.0   0.0
133.8943   0.0   0.0   0.0   0.0   0.0
134.1011   0.0   0.0   0.0   0.0   0.0
134.3079   0.0   0.0   0.0   0.0   0.0
134.5147   0.0   0.0   0.0   0.0   0.0
134.7215   0.0   0.0   0.0   0.0   0.0
134.9283   0.0001   0.0001   0.0   0.0   0.0002
135.1351   0.0007   0.0003   0.0   0.0   0.001
135.3419   0.0034   0.0017   0.0   0.0   0.0051
135.5487   0.0139   0.0071   0.0   0.0   0.021
135.7555   0.0462   0.0236   0.0   0.0   0.0698
135.9623   0.1257   0.0643   0.0   0.0   0.1899
136.1691   0.2851   0.146   0.0   0.0   0.4311
136.3759   0.5492   0.2816   0.0   0.0   0.8309
136.5827   0.9138   0.4696   0.0   0.0001   1.3835
136.7895   1.3303   0.6853   0.0   0.0001   2.0158
136.9963   1.7029   0.8799   0.0   0.0001   2.583
137.2031   1.9119   0.991   0.0001   0.0001   2.9032
137.4099   1.8689   0.9718   0.0   0.0001   2.8409
137.6167   1.5758   0.8219   0.0   0.0001   2.3979
137.8235   1.1355   0.5938   0.0   0.0001   1.7294
138.0303   0.6929   0.3632   0.0   0.0001   1.0562
138.2371   0.3549   0.1864   0.0   0.0   0.5414
138.4439   0.1513   0.0795   0.0   0.0   0.2309
138.6507   0.0532   0.028   0.0   0.0   0.0812
138.8575   0.0153   0.0081   0.0   0.0   0.0234
139.0643   0.0036   0.0019   0.0   0.0   0.0055
139.2711   0.0007   0.0004   0.0   0.0   0.001
139.4779   0.0001   0.0001   0.0   0.0   0.0002
139.6847   0.0   0.0   0.0   0.0   0.0
139.8915   0.0   0.0   0.0   0.0   0.0
140.0983   0.0   0.0   0.0   0.0   0.0
140.3051   0.0   0.0   0.0   0.0   0.0
140.5119   0.0   0.0   0.0   0.0   0.0
140.7187   0.0   0.0   0.0   0.0   0.0
140.9255   0.0   0.0   0.0   0.0   0.0
141.1323   0.0   0.0   0.0   0.0   0.0
141.3391   0.0   0.0   0.0   0.0   0.0
141.5459   0.0   0.0   0.0   0.0   0.0
141.7527   0.0   0.0   0.0   0.0   0.0
141.9595   0.0   0.0   0.0   0.0   0.0
142.1663   0.0   0.0   0.0   0.0   0.0
142.3731   0.0   0.0   0.0   0.0   0.0
142.5799   0.0   0.0   0.0   0.0   0.0
142.7867   0.0   0.0   0.0   0.0   0.0
142.9935   0.0002   0.0002   0.0   0.0   0.0004
143.2003   0.0012   0.001   0.0   0.0   0.0022
143.4071   0.0056   0.0046   0.0   0.0   0.0103
143.6139   0.0215   0.0177   0.0   0.0   0.0391
143.8207   0.0659   0.0542   0.0   0.0   0.1202
144.0275   0.165   0.1355   0.0   0.0   0.3006
144.2343   0.3399   0.279   0.0   0.0   0.619
144.4411   0.583   0.4783   0.0   0.0   1.0614
144.6479   0.8439   0.6919   0.0   0.0001   1.536
144.8547   1.0503   0.8608   0.0001   0.0001   1.9113
145.0615   1.1571   0.9485   0.0001   0.0001   2.1058
145.2683   1.1755   0.9645   0.0001   0.0001   2.1401
145.4751   1.1475   0.9433   0.0001   0.0001   2.091
145.6819   1.1024   0.9086   0.0001   0.0001   2.0111
145.8887   1.0475   0.866   0.0001   0.0001   1.9137
146.0955   0.9888   0.82   0.0001   0.0001   1.8089
146.3023   0.9366   0.7788   0.0001   0.0001   1.7156
146.5091   0.9006   0.7501   0.0001   0.0001   1.6508
146.7159   0.8913   0.7425   0.0001   0.0001   1.6339
146.9227   0.9219   0.7675   0.0001   0.0001   1.6896
147.1295   0.9929   0.8257   0.0001   0.0001   1.8188
147.3363   1.0754   0.8938   0.0001   0.0002   1.9694
147.5431   1.1221   0.9326   0.0001   0.0002   2.0549
147.7499   1.0991   0.9139   0.0001   0.0002   2.0133
147.9567   1.0044   0.8359   0.0001   0.0002   1.8406
148.1635   0.8556   0.7128   0.0001   0.0001   1.5686
148.3703   0.6712   0.5597   0.0   0.0001   1.2311
148.5771   0.4718   0.3937   0.0   0.0001   0.8655
148.7839   0.2873   0.2399   0.0   0.0   0.5272
148.9907   0.1479   0.1235   0.0   0.0   0.2715
149.1975   0.0662   0.0553   0.0   0.0   0.1215
149.4043   0.0358   0.0302   0.0   0.0   0.066
149.6111   0.0465   0.0395   0.0   0.0   0.0861
149.8179   0.095   0.0809   0.0   0.0   0.1759
150.0247   0.1818   0.1548   0.0   0.0   0.3367
150.2315   0.3016   0.2566   0.0   0.0   0.5583
150.4383   0.4384   0.3728   0.0   0.0001   0.8113
150.6451   0.5728   0.4869   0.0001   0.0001   1.0599
150.8519   0.6902   0.5864   0.0001   0.0001   1.2768
151.0587   0.7799   0.6625   0.0001   0.0001   1.4425
151.2655   0.8298   0.7049   0.0001   0.0001   1.5349
151.4723   0.8296   0.7052   0.0001   0.0001   1.5349
151.6791   0.7812   0.6648   0.0001   0.0001   1.4462
151.8859   0.7007   0.5974   0.0001   0.0001   1.2983
152.0927   0.6082   0.5196   0.0001   0.0001   1.128
152.2995   0.5177   0.4433   0.0   0.0001   0.961
152.5063   0.4375   0.3754   0.0   0.0001   0.813
152.7131   0.3752   0.3227   0.0   0.0   0.698
152.9199   0.3365   0.2899   0.0   0.0   0.6264
153.1267   0.3182   0.2747   0.0   0.0   0.593
153.3335   0.308   0.2663   0.0   0.0   0.5745
153.5403   0.2927   0.2535   0.0   0.0   0.5462
153.7471   0.2664   0.231   0.0   0.0   0.4975
153.9539   0.2298   0.1995   0.0   0.0   0.4293
154.1607   0.1845   0.1603   0.0   0.0   0.3449
154.3675   0.1335   0.1161   0.0   0.0   0.2497
154.5743   0.084   0.0731   0.0   0.0   0.1571
154.7811   0.0445   0.0388   0.0   0.0   0.0833
154.9879   0.0195   0.017   0.0   0.0   0.0364
155.1947   0.0069   0.006   0.0   0.0   0.013
155.4015   0.002   0.0017   0.0   0.0   0.0037
155.6083   0.0005   0.0004   0.0   0.0   0.0009
155.8151   0.0001   0.0001   0.0   0.0   0.0002
156.0219   0.0   0.0   0.0   0.0   0.0
156.2287   0.0   0.0   0.0   0.0   0.0
156.4355   0.0   0.0   0.0   0.0   0.0
156.6423   0.0   0.0   0.0   0.0   0.0
156.8491   0.0   0.0   0.0   0.0   0.0
157.0559   0.0   0.0   0.0   0.0   0.0
157.2627   0.0   0.0   0.0   0.0   0.0
157.4695   0.0   0.0   0.0   0.0   0.0
157.6763   0.0   0.0   0.0   0.0   0.0
157.8831   0.0   0.0   0.0   0.0   0.0
158.0899   0.0   0.0   0.0   0.0   0.0
158.2967   0.0   0.0   0.0   0.0   0.0
158.5035   0.0   0.0   0.0   0.0   0.0
